%YAML:1.0
---
Status : "OK"
bin_file : "/home/imr/dataset/official_data/KITTI/data_odometry_velodyne/dataset/sequences/01/velodyne"
trajectory : "/home/imr/dataset/official_data/KITTI/data_odometry_poses/dataset/poses/01.txt"
# Vel2Cam_R : [7.967514e-03 ,-9.999679e-01, -8.462264e-04, -2.771053e-03 ,8.241710e-04 ,-9.999958e-01 ,9.999644e-01 ,7.969825e-03 ,-2.764397e-03]
# Vel2Cam_t : [-1.377769e-02 , -5.542117e-02, -2.918589e-01]
Vel2Cam_R : [0,-1,0,0,0,-1,1,0,0]
Vel2Cam_t : [0,0,-0.08]
